match
1,2,3
10;3;2,8;2;0,2;5;4
8,4,9
1;4;10,5;1;2,0;2;8
red
match
2,1,8
5;2;4,8;4;4,4;4;3
5,6,7
4;4;10,5;1;4,2;2;3
blue
match
3,4,6
19;2;2,17;13;14,18;15;9
10,1,5
2;14;13,15;17;17,8;15;24
red
match
8,6,3
20;28;4,13;26;25,12;11;14
5,7,10
19;6;11,6;4;13,19;4;21
blue
match
4,1,8
2;8;11,16;6;8,1;23;10
3,2,10
20;2;7,2;5;10,7;15;2
blue
match
6,9,3
14;10;17,6;5;16,2;22;8
4,1,5
14;14;16,15;17;7,12;15;15
blue
match
1,8,10
2;9;4,15;8;12,11;16;4
2,6,7
4;1;10,7;3;9,9;2;9
blue
match
7,3,8
10;1;9,2;14;13,17;7;25
9,1,10
16;10;12,15;1;10,16;7;7
red
match
8,5,7
8;6;16,11;13;8,9;13;7
6,10,1
16;14;10,10;11;9,5;15;8
red
match
3,1,4
15;12;8,3;20;7,13;13;1
10,2,5
1;4;9,5;2;10,10;3;12
blue
match
9,10,3
10;1;18,6;2;11,4;4;4
2,8,7
7;9;11,11;8;7,15;4;2
blue
match
6,1,5
1;1;3,3;1;12,4;2;9
3,10,9
10;1;2,8;3;3,6;4;4
blue
match
7,1,3
17;6;9,15;5;3,6;1;16
4,2,10
6;4;19,9;6;13,12;2;6
red
match
10,2,4
4;3;20,4;4;7,13;5;15
5,8,7
3;1;5,14;6;7,25;4;9
blue
match
7,8,4
10;2;19,20;8;8,10;13;2
9,2,5
17;3;11,10;14;13,2;15;16
red
match
2,6,1
13;6;8,20;15;17,1;16;19
3,5,4
10;14;16,14;17;11,20;15;7
blue
match
4,3,7
10;1;3,19;4;10,8;5;10
5,1,10
2;6;13,8;4;12,14;2;12
red
match
10,2,5
15;11;17,15;17;4,15;12;1
3,8,9
6;14;2,12;17;15,17;4;28
red
match
9,7,8
12;19;4,12;16;17,18;11;10
1,3,6
12;3;18,10;6;14,9;10;10
red
match
6,10,1
11;15;2,20;4;17,5;18;10
4,5,2
16;14;12,16;4;12,15;15;12
red
match
3,4,5
1;2;15,1;8;2,15;16;16
8,2,1
15;14;5,11;17;6,7;15;6
blue
match
7,1,3
16;13;1,11;9;15,1;8;19
6,9,2
15;3;8,12;7;9,8;3;10
blue
match
8,1,4
15;6;3,17;13;9,3;16;10
5,2,9
3;1;11,7;4;12,11;3;12
red
match
2,7,9
12;4;16,1;1;1,14;2;15
1,8,6
12;3;6,10;1;9,10;4;12
red
match
4,5,1
6;11;11,5;16;2,14;15;10
2,7,10
14;4;7,6;1;5,3;4;13
blue
match
4,1,5
12;1;3,2;16;1,10;11;8
10,2,9
6;2;16,2;6;7,4;3;1
blue
match
9,2,6
8;8;12,19;1;15,15;5;20
7,5,3
23;4;13,5;17;13,19;15;16
blue
match
6,4,2
10;5;11,6;2;1,20;13;2
9,7,5
2;14;13,15;17;17,8;15;24
red
match
10,9,3
3;14;1,17;3;2,5;13;12
6,5,4
3;2;9,3;4;7,8;1;8
blue
match
4,2,9
13;18;12,17;14;3,15;5;19
6,8,7
17;14;16,4;17;15,13;15;14
red
match
9,1,6
16;13;15,4;17;20,3;18;14
3,10,2
32;2;9,12;17;4,5;15;10
blue
match
10,1,2
19;5;6,6;5;15,1;4;4
3,4,7
14;1;7,1;11;8,9;4;11
red
match
2,6,5
10;15;9,11;3;16,20;5;13
3,9,4
6;14;17,12;17;13,21;1;11
red
match
6,8,9
4;6;9,11;11;3,19;8;10
7,3,2
12;2;23,7;4;1,3;5;10
blue
match
8,7,6
15;6;3,17;13;9,3;16;10
2,3,10
3;1;11,7;4;12,11;3;12
red
match
9,3,7
10;1;3,19;4;10,8;5;10
4,2,1
2;6;13,8;4;12,14;2;12
red